  205 247 261 262 260 398 494 477 295 
  206 398 494 477 295 385 493 478 296 
  207 385 493 478 296 450 499 479 297 
  208 450 499 479 297 437 498 480 298 
  209 437 498 480 298 399 490 481 299 
  210 399 490 481 299 412 489 482 300 
  211 412 489 482 300 463 502 501 476 
  212 259 258 245 246 301 307 396 397 
  213 301 307 396 397 302 308 383 384 
  214 302 308 383 384 303 309 448 449 
  215 303 309 448 449 304 310 435 436 
  216 304 310 435 436 305 311 401 400 
  217 305 311 401 400 306 312 414 413 
  218 306 312 414 413 475 474 461 462 
  219 247 260 259 246 398 295 301 397 
  220 398 295 301 397 385 296 302 384 
  221 385 296 302 384 450 297 303 449 
  222 450 297 303 449 437 298 304 436 
  223 437 298 304 436 399 299 305 400 
  224 399 299 305 400 412 300 306 413 
  225 412 300 306 413 463 476 475 462 
  226 255 254 241 242 325 331 392 393 
  227 325 331 392 393 326 332 379 380 
  228 326 332 379 380 327 333 444 445 
  229 327 333 444 445 328 334 431 432 
  230 328 334 431 432 329 335 405 404 
  231 329 335 405 404 330 336 418 417 
  232 330 336 418 417 471 470 457 458 
  233 243 256 255 242 394 319 325 393 
  234 394 319 325 393 381 320 326 380 
  235 381 320 326 380 446 321 327 445 
  236 446 321 327 445 433 322 328 432 
  237 433 322 328 432 403 323 329 404 
  238 403 323 329 404 416 324 330 417 
  239 416 324 330 417 459 472 471 458 
  240 244 245 258 257 395 396 307 313 
  241 395 396 307 313 382 383 308 314 
  242 382 383 308 314 447 448 309 315 
  243 447 448 309 315 434 435 310 316 
  244 434 435 310 316 402 401 311 317 
  245 402 401 311 317 415 414 312 318 
  246 415 414 312 318 460 461 474 473 
  247 256 243 244 257 319 394 395 313 
  248 319 394 395 313 320 381 382 314 
  249 320 381 382 314 321 446 447 315 
  250 321 446 447 315 322 433 434 316 
  251 322 433 434 316 323 403 402 317 
  252 323 403 402 317 324 416 415 318 
  253 324 416 415 318 472 459 460 473 
  254 248 264 263 235 367 483 495 386 
  255 367 483 495 386 368 484 496 373 
  256 368 484 496 373 369 485 500 438 
  257 369 485 500 438 370 486 497 425 
  258 370 486 497 425 371 487 491 411 
  259 371 487 491 411 372 488 492 424 
  260 372 488 492 424 464 504 503 451 
  261 236 237 250 249 387 388 355 361 
  262 387 388 355 361 374 375 356 362 
  263 374 375 356 362 439 440 357 363 
  264 439 440 357 363 426 427 358 364 
  265 426 427 358 364 410 409 359 365 
  266 410 409 359 365 423 422 360 366 
  267 423 422 360 366 452 453 466 465 
  268 248 235 236 249 367 386 387 361 
  269 367 386 387 361 368 373 374 362 
  270 368 373 374 362 369 438 439 363 
  271 369 438 439 363 370 425 426 364 
  272 370 425 426 364 371 411 410 365 
  273 371 411 410 365 372 424 423 366 
  274 372 424 423 366 464 451 452 465 
  275 240 241 254 253 391 392 331 337 
  276 391 392 331 337 378 379 332 338 
  277 378 379 332 338 443 444 333 339 
  278 443 444 333 339 430 431 334 340 
  279 430 431 334 340 406 405 335 341 
  280 406 405 335 341 419 418 336 342 
  281 419 418 336 342 456 457 470 469 
  282 252 239 240 253 343 390 391 337 
  283 343 390 391 337 344 377 378 338 
  284 344 377 378 338 345 442 443 339 
  285 345 442 443 339 346 429 430 340 
  286 346 429 430 340 347 407 406 341 
  287 347 407 406 341 348 420 419 342 
  288 348 420 419 342 468 455 456 469 
  289 251 250 237 238 349 355 388 389 
  290 349 355 388 389 350 356 375 376 
  291 350 356 375 376 351 357 440 441 
  292 351 357 440 441 352 358 427 428 
  293 352 358 427 428 353 359 409 408 
  294 353 359 409 408 354 360 422 421 
  295 354 360 422 421 467 466 453 454 
  296 239 252 251 238 390 343 349 389 
  297 390 343 349 389 377 344 350 376 
  298 377 344 350 376 442 345 351 441 
  299 442 345 351 441 429 346 352 428 
  300 429 346 352 428 407 347 353 408 
  301 407 347 353 408 420 348 354 421 
  302 420 348 354 421 455 468 467 454 
  303 277 291 292 290 577 692 703 596 
  304 577 692 703 596 578 691 704 583 
  305 578 691 704 583 579 690 709 660 
  306 579 690 709 660 580 689 708 647 
  307 580 689 708 647 581 688 699 621 
  308 581 688 699 621 582 687 700 634 
  309 582 687 700 634 673 712 711 686 
  310 289 288 275 276 597 598 565 571 
  311 597 598 565 571 584 585 566 572 
  312 584 585 566 572 659 658 567 573 
  313 659 658 567 573 646 645 568 574 
  314 646 645 568 574 620 619 569 575 
  315 620 619 569 575 633 632 570 576 
  316 633 632 570 576 685 684 671 672 
  317 277 290 289 276 577 596 597 571 
  318 577 596 597 571 578 583 584 572 
  319 578 583 584 572 579 660 659 573 
  320 579 660 659 573 580 647 646 574 
  321 580 647 646 574 581 621 620 575 
  322 581 621 620 575 582 634 633 576 
  323 582 634 633 576 673 686 685 672 
  324 285 284 271 272 601 602 541 547 
  325 601 602 541 547 588 589 542 548 
  326 588 589 542 548 655 654 543 549 
  327 655 654 543 549 642 641 544 550 
  328 642 641 544 550 616 615 545 551 
  329 616 615 545 551 629 628 546 552 
  330 629 628 546 552 681 680 667 668 
  331 273 286 285 272 553 600 601 547 
  332 553 600 601 547 554 587 588 548 
  333 554 587 588 548 555 656 655 549 
  334 555 656 655 549 556 643 642 550 
  335 556 643 642 550 557 617 616 551 
  336 557 617 616 551 558 630 629 552 
  337 558 630 629 552 669 682 681 668 
  338 274 275 288 287 559 565 598 599 
  339 559 565 598 599 560 566 585 586 
  340 560 566 585 586 561 567 658 657 
  341 561 567 658 657 562 568 645 644 
  342 562 568 645 644 563 569 619 618 
  343 563 569 619 618 564 570 632 631 
  344 564 570 632 631 670 671 684 683 
  345 286 273 274 287 600 553 559 599 
  346 600 553 559 599 587 554 560 586 
  347 587 554 560 586 656 555 561 657 
  348 656 555 561 657 643 556 562 644 
  349 643 556 562 644 617 557 563 618 
  350 617 557 563 618 630 558 564 631 
  351 630 558 564 631 682 669 670 683 
  352 278 294 293 265 608 705 698 505 
  353 608 705 698 505 595 706 697 506 
  354 595 706 697 506 648 710 696 507 
  355 648 710 696 507 635 707 695 508 
  356 635 707 695 508 609 702 694 509 
  357 609 702 694 509 622 701 693 510 
  358 622 701 693 510 674 714 713 661 
  359 266 267 280 279 511 517 606 607 
  360 511 517 606 607 512 518 593 594 
  361 512 518 593 594 513 519 650 649 
  362 513 519 650 649 514 520 637 636 
  363 514 520 637 636 515 521 611 610 
  364 515 521 611 610 516 522 624 623 
  365 516 522 624 623 662 663 676 675 
  366 278 265 266 279 608 505 511 607 
  367 608 505 511 607 595 506 512 594 
  368 595 506 512 594 648 507 513 649 
  369 648 507 513 649 635 508 514 636 
  370 635 508 514 636 609 509 515 610 
  371 609 509 515 610 622 510 516 623 
  372 622 510 516 623 674 661 662 675 
  373 270 271 284 283 535 541 602 603 
  374 535 541 602 603 536 542 589 590 
  375 536 542 589 590 537 543 654 653 
  376 537 543 654 653 538 544 641 640 
  377 538 544 641 640 539 545 615 614 
  378 539 545 615 614 540 546 628 627 
  379 540 546 628 627 666 667 680 679 
  380 282 269 270 283 604 529 535 603 
  381 604 529 535 603 591 530 536 590 
  382 591 530 536 590 652 531 537 653 
  383 652 531 537 653 639 532 538 640 
  384 639 532 538 640 613 533 539 614 
  385 613 533 539 614 626 534 540 627 
  386 626 534 540 627 678 665 666 679 
  387 281 280 267 268 605 606 517 523 
  388 605 606 517 523 592 593 518 524 
  389 592 593 518 524 651 650 519 525 
  390 651 650 519 525 638 637 520 526 
  391 638 637 520 526 612 611 521 527 
  392 612 611 521 527 625 624 522 528 
  393 625 624 522 528 677 676 663 664 
  394 269 282 281 268 529 604 605 523 
  395 529 604 605 523 530 591 592 524 
  396 530 591 592 524 531 652 651 525 
  397 531 652 651 525 532 639 638 526 
  398 532 639 638 526 533 613 612 527 
  399 533 613 612 527 534 626 625 528 
  400 534 626 625 528 665 678 677 664 
  621 732 716 919 918 1013 1015 1151 1150 
  622 734 731 730 733 1014 1012 1097 1098 
  623 734 918 917 731 1014 1150 1149 1012 
  624 732 918 734 733 1013 1150 1014 1098 
  625 735 733 730 729 1052 1098 1097 1053 
  626 728 652 653 736 969 639 640 968 
  627 735 729 728 736 1052 1053 969 968 
  628 736 653 654 715 968 640 641 967 
  629 737 732 733 735 1051 1013 1098 1052 
  630 736 715 737 735 968 967 1051 1052 
  631 723 935 934 743 976 1174 1175 975 
  632 738 726 725 744 1095 1093 1122 1121 
  633 742 739 738 744 1059 1120 1095 1121 
  634 745 724 723 743 1058 1060 976 975 
  635 745 744 725 724 1058 1121 1122 1060 
  636 742 744 745 743 1059 1121 1058 975 
  637 746 743 934 933 974 975 1175 1176 
  638 932 710 648 747 1177 707 635 973 
  639 746 933 932 747 974 1176 1177 973 
  640 742 743 746 748 1059 975 974 1057 
  641 740 739 742 748 1056 1120 1059 1057 
  642 747 648 649 749 973 635 636 972 
  643 748 746 747 749 1057 974 973 972 
  644 749 649 650 741 972 636 637 971 
  645 740 748 749 741 1056 1057 972 971 
  646 738 739 751 752 1095 1120 1094 1010 
  647 727 726 738 752 1009 1093 1095 1010 
  648 916 915 727 752 1148 1147 1009 1010 
  649 750 731 917 916 1011 1012 1149 1148 
  650 752 751 750 916 1010 1094 1011 1148 
  651 651 652 728 753 638 639 969 970 
  652 741 650 651 753 971 637 638 970 
  653 740 741 753 754 1056 971 970 1054 
  654 751 739 740 754 1094 1120 1056 1054 
  655 756 753 728 729 1055 970 969 1053 
  656 756 755 754 753 1055 1096 1054 970 
  657 730 755 756 729 1097 1096 1055 1053 
  658 755 730 731 750 1096 1097 1012 1011 
  659 751 754 755 750 1094 1054 1096 1011 
  660 759 913 912 722 1007 1145 1144 1006 
  661 721 720 758 760 1090 1064 1063 1091 
  662 759 722 721 760 1007 1006 1090 1091 
  663 757 725 726 761 1123 1122 1093 1092 
  664 760 758 757 761 1091 1063 1123 1092 
  665 914 913 759 762 1146 1145 1007 1008 
  666 727 915 914 762 1009 1147 1146 1008 
  667 762 759 760 761 1008 1007 1091 1092 
  668 726 727 762 761 1093 1009 1008 1092 
  669 719 939 938 763 980 1170 1171 979 
  670 758 720 719 763 1063 1064 980 979 
  671 724 725 757 765 1060 1122 1123 1061 
  672 764 936 935 723 977 1173 1174 976 
  673 724 765 764 723 1060 1061 977 976 
  674 765 757 758 766 1061 1123 1063 1062 
  675 767 764 765 766 978 977 1061 1062 
  676 767 937 936 764 978 1172 1173 977 
  677 907 946 718 773 1139 1178 999 1000 
  678 768 909 908 774 1002 1141 1140 1001 
  679 772 769 768 774 1084 1085 1002 1001 
  680 770 769 772 776 1073 1085 1084 1074 
  681 775 442 441 771 991 429 428 990 
  682 770 776 775 771 1073 1074 991 990 
  683 443 442 775 777 430 429 991 992 
  684 717 444 443 777 993 431 430 992 
  685 778 777 775 776 1075 992 991 1074 
  686 786 943 942 783 984 1166 1167 983 
  687 782 781 785 787 1067 1124 1070 1068 
  688 786 783 782 787 984 983 1067 1068 
  689 790 439 438 788 987 426 425 986 
  690 790 789 784 439 987 1069 988 426 
  691 944 943 786 791 1165 1166 984 985 
  692 788 438 500 945 986 425 497 1164 
  693 440 439 784 792 427 426 988 989 
  694 771 441 440 792 990 428 427 989 
  695 785 781 780 793 1070 1124 1087 1071 
  696 792 784 785 793 989 988 1070 1071 
  697 779 768 769 794 1004 1002 1085 1088 
  698 793 780 779 794 1071 1087 1004 1088 
  699 795 770 771 792 1072 1073 990 989 
  700 795 794 769 770 1072 1088 1085 1073 
  701 793 794 795 792 1071 1088 1072 989 
  702 719 720 797 798 980 1064 1065 981 
  703 940 939 719 798 1169 1170 980 981 
  704 783 942 941 799 983 1167 1168 982 
  705 796 782 783 799 1066 1067 983 982 
  706 799 941 940 798 982 1168 1169 981 
  707 797 796 799 798 1065 1066 982 981 
  708 797 720 721 801 1065 1064 1090 1089 
  709 800 781 782 796 1086 1124 1067 1066 
  710 797 801 800 796 1065 1089 1086 1066 
  711 722 912 911 802 1006 1144 1143 1005 
  712 801 721 722 802 1089 1090 1006 1005 
  713 800 801 802 803 1086 1089 1005 1003 
  714 780 781 800 803 1087 1124 1086 1003 
  715 803 802 911 910 1003 1005 1143 1142 
  716 910 909 768 779 1142 1141 1002 1004 
  717 780 803 910 779 1087 1003 1142 1004 
  718 920 919 716 813 1152 1151 1015 1016 
  719 808 922 921 814 1018 1154 1153 1017 
  720 812 809 808 814 1100 1101 1018 1017 
  721 810 809 812 816 1047 1101 1100 1048 
  722 815 656 657 811 965 643 644 964 
  723 810 816 815 811 1047 1048 965 964 
  724 655 656 815 817 642 643 965 966 
  725 715 654 655 817 967 641 642 966 
  726 818 817 815 816 1049 966 965 1048 
  727 826 895 896 823 958 1136 1135 957 
  728 822 821 825 827 1041 1119 1044 1042 
  729 826 823 822 827 958 957 1041 1042 
  730 830 659 660 828 961 646 647 960 
  731 830 829 824 659 961 1043 962 646 
  732 894 895 826 831 1137 1136 958 959 
  733 828 660 709 893 960 647 708 1138 
  734 658 659 824 832 645 646 962 963 
  735 811 657 658 832 964 644 645 963 
  736 825 821 820 833 1044 1119 1103 1045 
  737 832 824 825 833 963 962 1044 1045 
  738 819 808 809 834 1020 1018 1101 1104 
  739 833 820 819 834 1045 1103 1020 1104 
  740 835 810 811 832 1046 1047 964 963 
  741 835 834 809 810 1046 1104 1101 1047 
  742 833 834 835 832 1045 1104 1046 963 
  743 807 806 837 838 954 1038 1039 955 
  744 898 899 807 838 1133 1132 954 955 
  745 823 896 897 839 957 1135 1134 956 
  746 836 822 823 839 1040 1041 957 956 
  747 839 897 898 838 956 1134 1133 955 
  748 837 836 839 838 1039 1040 956 955 
  749 837 806 805 841 1039 1038 1106 1105 
  750 840 821 822 836 1102 1119 1041 1040 
  751 837 841 840 836 1039 1105 1102 1040 
  752 804 925 924 842 1022 1157 1156 1021 
  753 841 805 804 842 1105 1106 1022 1021 
  754 840 841 842 843 1102 1105 1021 1019 
  755 820 821 840 843 1103 1119 1102 1019 
  756 843 842 924 923 1019 1021 1156 1155 
  757 923 922 808 819 1155 1154 1018 1020 
  758 820 843 923 819 1103 1019 1155 1020 
  759 853 718 946 931 1029 999 1178 1163 
  760 855 852 851 854 1030 1028 1113 1114 
  761 855 931 930 852 1030 1163 1162 1028 
  762 853 931 855 854 1029 1163 1030 1114 
  763 856 854 851 850 1078 1114 1113 1079 
  764 849 446 445 857 995 433 432 994 
  765 856 850 849 857 1078 1079 995 994 
  766 857 445 444 717 994 432 431 993 
  767 858 853 854 856 1077 1029 1114 1078 
  768 857 717 858 856 994 993 1077 1078 
  769 844 903 904 864 950 1128 1127 949 
  770 859 847 846 865 1111 1109 1117 1115 
  771 863 860 859 865 1033 1116 1111 1115 
  772 866 845 844 864 1032 1034 950 949 
  773 866 865 846 845 1032 1115 1117 1034 
  774 863 865 866 864 1033 1115 1032 949 
  775 867 864 904 905 948 949 1127 1126 
  776 906 499 450 868 1125 498 437 947 
  777 867 905 906 868 948 1126 1125 947 
  778 863 864 867 869 1033 949 948 1031 
  779 861 860 863 869 1082 1116 1033 1031 
  780 868 450 449 870 947 437 436 998 
  781 869 867 868 870 1031 948 947 998 
  782 870 449 448 862 998 436 435 997 
  783 861 869 870 862 1082 1031 998 997 
  784 859 860 872 873 1111 1116 1110 1026 
  785 848 847 859 873 1025 1109 1111 1026 
  786 929 928 848 873 1161 1160 1025 1026 
  787 871 852 930 929 1027 1028 1162 1161 
  788 873 872 871 929 1026 1110 1027 1161 
  789 447 446 849 874 434 433 995 996 
  790 862 448 447 874 997 435 434 996 
  791 861 862 874 875 1082 997 996 1080 
  792 872 860 861 875 1110 1116 1082 1080 
  793 877 874 849 850 1081 996 995 1079 
  794 877 876 875 874 1081 1112 1080 996 
  795 851 876 877 850 1113 1112 1081 1079 
  796 876 851 852 871 1112 1113 1028 1027 
  797 872 875 876 871 1110 1080 1112 1027 
  798 880 926 925 804 1023 1158 1157 1022 
  799 805 806 879 881 1106 1038 1037 1107 
  800 880 804 805 881 1023 1022 1106 1107 
  801 878 846 847 882 1118 1117 1109 1108 
  802 881 879 878 882 1107 1037 1118 1108 
  803 927 926 880 883 1159 1158 1023 1024 
  804 848 928 927 883 1025 1160 1159 1024 
  805 883 880 881 882 1024 1023 1107 1108 
  806 847 848 883 882 1109 1025 1024 1108 
  807 807 899 900 884 954 1132 1131 953 
  808 879 806 807 884 1037 1038 954 953 
  809 845 846 878 886 1034 1117 1118 1035 
  810 885 902 903 844 951 1129 1128 950 
  811 845 886 885 844 1034 1035 951 950 
  812 886 878 879 887 1035 1118 1037 1036 
  813 888 885 886 887 952 951 1035 1036 
  814 888 901 902 885 952 1130 1129 951 
  815 889 716 732 737 1050 1015 1013 1051 
  816 890 813 716 889 1099 1016 1015 1050 
  817 818 890 889 817 1049 1099 1050 966 
  818 889 737 715 817 1050 1051 967 966 
  819 891 718 853 858 1076 999 1029 1077 
  820 892 773 718 891 1083 1000 999 1076 
  821 778 892 891 777 1075 1083 1076 992 
  822 891 858 717 777 1076 1077 993 992 
  823 763 938 937 767 979 1171 1172 978 
  824 766 758 763 767 1062 1063 979 978 
  825 778 776 772 892 1075 1074 1084 1083 
  826 892 772 774 773 1083 1084 1001 1000 
  827 773 774 908 907 1000 1001 1140 1139 
  828 784 789 787 785 988 1069 1068 1070 
  829 789 791 786 787 1069 985 984 1068 
  830 790 788 791 789 987 986 985 1069 
  831 788 945 944 791 986 1164 1165 985 
  832 818 816 812 890 1049 1048 1100 1099 
  833 890 812 814 813 1099 1100 1017 1016 
  834 813 814 921 920 1016 1017 1153 1152 
  835 824 829 827 825 962 1043 1042 1044 
  836 829 831 826 827 1043 959 958 1042 
  837 830 828 831 829 961 960 959 1043 
  838 828 893 894 831 960 1138 1137 959 
  839 884 900 901 888 953 1131 1130 952 
  840 887 879 884 888 1036 1037 953 952 
 
